76561198067124199
76561198025044069
76561198324871507
76561198041944476
76561197971064604
76561198049698496
76561198150491856
76561198177243053
76561198256091807
76561198122473697
76561198054497193
76561198211199331
76561198046870039
76561197980472204
76561198273003706
76561198180205807
76561197995245645
76561198060898226
76561198202425674
76561198074068554
76561198346774532
76561198037362074
76561197972167429
76561198385479187
76561198166916770
76561198040826917
76561198012530009
76561198226575224
76561198334374533
76561198081678873
76561198077158184
76561198177034737
76561198062546644
76561198303458658
76561197974276104
76561198311957899
76561198150984027
76561197996660915
76561198143569113
76561198287145208
76561198113946589
76561198336693195
76561198261987352
76561198070036663
76561198286361517
76561198134518071
76561198102888283
76561198153991361
76561198017760353
76561198089622913
76561197986749180
76561198263964932
76561198102787298
76561198083727946
76561198214418904
76561197987761861
76561198124618606
76561198277304514
76561198035490615
76561198268016374
76561198095245681
76561198012272545
76561198108179392
76561198100197583
76561198316276103
76561198228723756
76561198079213810
76561198001841900
76561198107042978
76561197979553872
76561198210070427
76561198072218944
76561198086962834
76561198070524719
76561198047099527
76561198008578840
76561198170584559
76561198052752279
76561198103209449
76561197974831680
76561197992501832
76561198130245448
76561198194298667
76561198304311172
76561198342131286
76561198078502949
76561198075348339
76561198079347780
76561198257897049
76561198111166045
76561198354869812
76561197982784499
76561198169801977
76561198140077564
76561198145116366
76561198366852000
76561197989223557
76561198207892108
76561198088345860
76561197989031614
76561198103452581
76561198116936120
76561198110674488
76561198170211647
76561198135982790
76561198119536704
76561198138542032
76561198058255633
76561198160217396
76561198305713991
76561198141745716
76561198068669214
76561198278441213
76561198101486468
76561198382947670
76561198117875551
76561198357090335
76561198102994285
76561198332669719
76561198080669937
76561198030617761
76561198035366519
76561197983310150
76561198046106901
76561198293216047
76561198285976058
76561198107906058
76561198168861976
76561198042263644
76561198045626139
76561198006245991
76561198048948693
76561198144666697
76561198060037435
76561198098456628
76561198338540455
76561198114794367
76561198191327875
76561198113270964
76561198123947190
76561197987536904
76561198160968242
76561198148237755
76561198094987916
76561198113646035
76561198072205717
76561198253117146
76561198168403071
76561198124181988
76561198185696531
76561198046915517
76561198226577436
76561198273303377
76561198286256083
76561198132900292
76561198142561485
76561198106129256
76561198121428457
76561198027186205
76561198163622981
76561198136717461
76561198176313610
76561197985412524
76561198334843509
76561198126212073
76561198082603968
76561198337466743
76561198106914126
76561198096285579
76561198056730790
76561198331499447
76561198108986926
76561198134192959
76561198161151063
76561198190005482
76561198313808676
76561198045080915
76561197961192153
76561198124749143
76561198201066462
76561198037052438
76561198070912002
76561198149037586
76561198129616844
76561198012601028
76561198308264463
76561198173812402
76561198141961972
76561198069194033
76561198187690018
76561198088523743
76561198302672439
76561198078140897
76561198094765856
76561198072961496
76561198076041341
76561198115034531
76561198389145360
76561198167578505
76561198080090396
76561198049797675
76561198067554701
76561198109987502
76561198032134100
76561198165608626
76561198150953750
76561198281904748
76561198350427693
76561198073728244
76561198113271606
76561198188190166
76561198127431353
76561198206102809
76561198169807619
76561198316603479
76561198156365969
76561198237597462
76561198245818914
76561198159685256
76561198365064927
76561198082341746
76561197997524470
76561197996085354
76561198150902477
76561198139498661
76561198255995626
76561197981343046
76561198243648530
76561198273982233
76561198136076742
76561198359655425
76561198240320382
76561198264699751
76561198317839529
76561198013452913
76561198176390501
76561198103201737
76561198332939324
76561198074683830
76561198173796146
76561198210570429
76561198005361388
76561198028478924
76561198166139001
76561198220637499
76561198252766584
76561198282856355
76561198179245874
76561198161840748
76561198312875237
76561198326663313
76561198118052681
76561198021909687
76561198296589897
76561198199890899
76561198216185281
76561198343450876
76561198119062661
76561198112015638
76561198247795630
76561198332973704
76561198092708253
76561198073007344
76561198052816240
76561198184734053
76561198090197131
76561198026341207
76561198112543240
76561198223594568
76561198325665510
76561198072377574
76561198015180322
76561198232525984
76561198188531903
76561198364515326
76561198277084185
76561198252157638
76561198217895837
76561198218467383
76561198148999243
76561198069329349
76561198073969498
76561198300475874
76561198112576060
76561198107786074
76561198085214721
76561198339317850
76561198162058783
76561198052547438
76561198073960474
76561198041828649
76561198286849688
76561198253911184
76561198024855641
76561198100722337
76561198092529756
76561198041760614
76561198387511993
76561198218569899
76561198047992934
76561198119563884
76561197992441884
76561198028318857
76561198066980830
76561198344585206
76561198154578035
76561198272291910
76561198312592320
76561198202038931
76561198067319648
76561198282742374
76561198282708647
76561198120446826
76561198362234197
76561198246717324
76561198066680297
76561198017682774
76561198144770885
76561198062889958
76561198039329712
76561198361046359
76561198090281762
76561198041621342
76561198213765217
76561198261331701
76561198145308521
76561198357013069
76561198262555994
76561198254658972
76561198176264199
76561198364584671
76561198083398413
76561198073557426
76561197987521526
76561198189378546
76561198148936528
76561198168868950
76561197994485619
76561198041552281
76561197997646003
76561198030852659
76561198099965304
76561197997930462
76561198074931214
76561198027656980
76561198115274904
76561198157504297
76561198314192710
76561198119698562
76561198245310856
76561198189542074
76561197966759611
76561198079417213
76561198258949165
76561198303877984
76561198123417586
76561198054041205
76561198269236082
76561198216701285
76561198103228244
76561198257036833
76561198166539890
76561198082104278
76561198031040166
76561198080583949
76561198169500811
76561198169098796
76561197998237242
76561198224120928
76561198015552626
76561198159091612
76561198334889854
76561198058647611
76561198298994654
76561198018143756
76561198216871161
76561198080825099
76561198092057970
76561198116671757
76561198152820636
76561198160462737
76561198034339331
76561198247544432
76561198117184893
76561198110747808
76561198251906870
76561198114532583
76561198079885921
76561198060970150
76561198147475245
76561198165793643
76561198135427257
76561198196960581
76561198197872401
76561198206934763
76561198049489105
76561198095260146
76561198057100186
76561198202571762
76561198027081728
76561198214661588
76561198105796933
76561198097393742
76561198145246239
76561198240448734
76561198108029732
76561198315987827
76561198125724095
76561198210024479
76561198183584473
76561198203677716
76561198054234626
76561198179647285
76561198185701002
76561197983842114
76561198053061745
76561198255928590
76561198343444689
76561198276596854
76561198061229498
76561198029786229
76561198079677974
76561198101505187
76561198121610443
76561198136286485
76561198052373016
76561198076879072
76561198255898738
76561198376556274
76561198233880028
76561198061268653
76561198081121459
76561198059561724
76561198250297616
76561198105783853
76561198072493507
76561198095419658
76561198304851869
76561198302845569
76561198167474758
76561198188487129
76561198161155784
76561198300225681
76561198319722827
76561198205913952
76561197989895145
76561198375314819
76561198209470289
76561198256694811
76561198170146311
76561198311554465
76561198107585857
76561198325835479
76561198301055682
76561198351193396
76561198203369581
76561198274955948
76561198161037130
76561198071220380
76561198314545190
76561198221770056
76561198343055631
76561198202074980
76561198253449421
76561198271936424
76561198210704121
76561198071128144
76561198291775328
76561198201249795
76561198251276848
76561198061077162
76561198058433549
76561198130749645
76561198330044120
76561198325216930
76561198040747491
76561198322720094
76561198216632696
76561198048170408
76561198218109804
76561198153310223
76561197991930930
76561198308553414
76561198041062107
76561198158787008
76561198260536712
76561198165595929
76561198255510421
76561198262203962
76561198091820866
76561198278199776
76561198332505483
76561198269228594
76561198140295313
76561198201618594
76561198000325186
76561198342054253
76561198011764511
76561198237036396
76561198044143079
76561198264078356
76561198061868535
76561198087033242
76561198276122864
76561198094679281
76561198154591371
76561198195942066
76561198091097905
76561198008485981
76561198311684107
76561198314183238
76561198064710806
76561198313454747
76561198147743943
76561197980590342
76561198055581903
76561198128300313
76561198191982028
76561198113334033
76561198118982645
76561198191996479
76561198081841989
76561198258095769
76561198066689816
76561198327466991
76561198154009689
76561198145345588
76561198086552031
76561198147632211
76561198355114255
76561198308171909
76561198088732456
76561198401970152
76561198068902094
76561198095574000
76561198022576245
76561198308947570
76561197977379410
76561198306754261
76561198217775808
76561198072674968
76561198011668515
76561198299192995
76561198213304409
76561198159118815
76561198282249846
76561198145414163
76561198276549445
76561198328306326
76561198322799854
76561198371240555
76561198065807536
76561198274735619
76561198089626115
76561198240127054
76561198023226364
76561198051003607
76561198085600057
76561198152115116
76561198056667474
76561198145105326
76561198101025108
76561198127870831
76561198283599982
76561198245947412
76561198096693941
76561198156747805
76561198161899135
76561198152604056
76561198152670831
76561198139799429
76561198130056098
76561198127110481
76561198169931834
76561198107051545
76561198216272043
76561198212354805
76561198028561401
76561198202500232
76561198143445066
76561198136444567
76561198400441099
76561198366156232
76561198129815301
76561198095902787
76561198153557002
76561198115852357
76561198072732111
76561198157122329
76561198325552462
76561198146468775
76561198140095958
76561198276133807
76561198311043139
76561198294788650
76561198209715447
76561198210161457
76561198293886348
76561198003988906
76561198132389095
76561198255884853
76561198110109494
76561198176525778
76561198231467608
76561198092764930
76561198116281303
76561198256808061
76561198111542313
76561198150096164
76561198076006152
76561198124835565
76561198311211186
76561198312659719
76561198339982349
76561198235704384
76561198334235168
76561198169562125
76561198240647152
76561198370541169
76561198144917495
76561198278221533
76561198296202943
76561198160490943
76561198301288522
76561198117321204
76561198218247603
76561198143836782
76561198378861145
76561198307687421
76561198282518103
76561198323458938
76561198163322167
76561198096555156
76561198137749715
76561198339503113
76561198241968672
76561198269378856
76561198290893207
76561198280799478
76561198102506230
76561198217521412
76561198084161917
76561198184845371
76561198238916782
76561198254743498
76561198121076532
76561198087043963
76561198057288578
76561198362612833
76561198135453158
76561198258381641
76561198015392225
76561198002718660
76561198066562341
76561198300477687
76561198029118985
76561198349960605
76561198081010778
76561198150338604
76561198272686477
76561198340106491
76561198113647279
76561198078341853
76561198147890957
76561198256562511
76561198333505225
76561198196237582
76561198180123159
76561198075427381
76561198001378233
76561198310418626
76561198120934808
76561198273989295
76561198329195618
76561197967775201
76561198289850094
76561198104068398
76561198138647833
76561198376926400
76561198332693212
76561198020478497
76561198072330152
76561198162985866
76561198040869009
76561198128623241
76561198158054199
76561198175527543
76561198133699039
76561198191087302
76561198138682144
76561198165666060
76561198224358132
76561198218236511
76561198332926760
76561198314133211
76561198087957579
76561198317188561
76561198083053471
76561198137901521
76561198089755176
76561198051546735
76561198180013797
76561198365700899
76561198164160162
76561198165765425
76561198014092348
76561198173139163
76561198273719600
76561198262767030
76561198146352736
76561198024682154
76561198132859443
76561198269197346
76561198079120379
76561198147421389
76561198367473674
76561198090047380
76561198126698447
76561198039240647
76561198192777803
76561198090065033
76561198085993762
76561198216172968
76561197967719932
76561198272849885
76561198190703379
76561198021598756
76561198213820155
76561198141512952
76561198270951282
76561198302422121
76561198358930962
76561198271282979
76561198234130204
76561198175279118
76561198271143423
76561198093377077
76561198245976738
76561198177425454
76561198082869259
76561198318248898
76561198234658872
76561198240660754
76561198301103124
76561198400169301
76561198140727679
76561198222341512
76561198050404007
76561198190696911
76561197967689616
76561198117815276
76561198038815201
76561198143892094
76561198181842643
76561198128199209
76561198151088978
76561198104782291
76561198006613806
76561198319660109
76561198205058049
76561198133706985
76561198132515867
76561198128490148
76561198119415498
76561198191613671
76561198072906223
76561198030309248
76561198001787689
76561198296836702
76561198126449872
76561198035376631
76561198263047938
76561198327576161
76561198010634497
76561198097308902
76561198166947387
76561198142144086
76561197989541084
76561198099405041
76561197963335420
76561198383664166
76561198273180602
76561197967315886
76561198136621855
76561198134892021
76561198067617832
76561198165662188
76561198139494250
76561198162352431
76561198390332699
76561198122018533
76561198193295310
76561198017619095
76561198312211622
76561198100107112
76561198083219853
76561198344220884
76561198140431239
76561198361807949
76561198072993281
76561198134522114
76561198301235405
76561198316077267
76561198129646906
76561198310143534
76561198200952851
76561198168680731
76561198283176727
76561198085410029
76561198323853937
76561198067671223
76561198255769419
76561198247384018
76561198344311994
76561198339008395
76561198257848969
76561198053172378
76561197981093942
76561197991862666
76561198049315423
76561198113854190
76561198287152995
76561198021120035
76561197966637472
76561198281600717
76561198357865071
76561198226600488
76561198260510951
76561198116363364
76561198249748542
76561198110353005
76561198103015119
76561198165474449
76561198166672191
76561198317393147
76561198322895556
76561198142064663
76561198154895609
76561198157377350
76561198324588473
76561197999171077
76561198205170159
76561198243110554
76561198278416920
76561198023650287
76561198349630128
76561198258623546
76561198079034119
76561198066391329
76561198157984867
76561198297175169
76561198160414240
76561198156236232
76561198302589920
76561198149584628
76561198092768365
76561198331279479
76561198286459319
76561198119034066
76561198278915380
76561198078843750
76561198333969916
76561198323989781
76561198275546195
76561198154659029
76561198079155272
76561198311520600
76561198210592371
76561198140273465
76561198396196900
76561198094109991
76561198083034831
76561198096263296
76561198235121940
76561198330275302
76561198021355652
76561198195745022
76561197987557739
76561198026905889
76561198321740325
76561198011811915
76561198387179316
76561198052414286
76561198167220339
76561198044041318
76561198219803519
76561198042994417
76561198089446740
76561198069975251
76561198165479416
76561198211066095
76561198060132620
76561198151910084
76561198240247094
76561198160031526
76561198086519067
76561198062849344
76561198240680222
76561198060889634
76561198045287066
76561198318668151
76561198209023136
76561198179481074
76561198230937808
76561198016421130
76561198177294791
76561198172042582
76561198395122017
76561198229330816
76561198269254043
76561198193928961
76561198260688265
76561198268808210
76561198210924049
76561198054397633
76561198174166618
76561198069183143
76561198123508077
76561198129540393
76561198365888294
76561198020596351
76561198212132576
76561198034654492
76561198069480805
76561198258162390
76561198246750934
76561198215596636
76561198194357630
76561198220457121
76561198178500113
76561198260395194
76561198156663818
76561198141158612
76561198184374243
76561198181204542
76561198107417331
76561198118476171
76561198258558080
76561198085531882
76561198060544295
76561198315059502
76561198295610601
76561198303456756
76561198149529147
76561198347491593
76561198130007132
76561198137260884
76561198108079324
76561198162031648
76561198199840603
76561198040406467
76561198313844505
76561198402461249
76561197985147496
76561198032819647
76561198326857454
76561198022583721
76561198283286669
76561198213961660
76561198224328952
76561198192551065
76561198078188634
76561198067076010
76561198362147971
76561198022490917
76561198151752173
76561198285284689
76561198273131930
76561198191712258
76561198341967272
76561198248750738
76561198306627907
76561198319690916
76561198293866310
76561198345486106
76561198125025635
76561198166439041
76561198092068624
76561198094128912
76561198310447190
76561198128435895
76561198316104434
76561198134891203
76561198151656484
76561198095996654
76561198325752509
76561198068106057
76561198047777864
76561198081230482
76561198273774447
76561198138954740
76561198360333330
76561198389946095
76561198251540448
76561198203577027
76561198089221264
76561198032047473
76561198053901618
76561198088585416
76561198116276020